3    20.0    0.29996684338
3    30.0    0.0962588193288
3    40.0    0.0327546202754
3    50.0    0.0126719545571
3    60.0    0.00603714056002
3    70.0    0.00363443975057
3    80.0    0.00228859946631
3    90.0    0.0014981178547
3    100.0    0.001016482705
4    20.0    0.121224515079
4    30.0    0.015404882628
4    40.0    0.00569772872085
4    50.0    0.00203905994905
4    60.0    0.000818114007159
4    70.0    0.000363329008554
4    80.0    0.000175974753074
4    90.0    9.23844148908e-05
4    100.0    5.57607047637e-05
5    20.0    0.0447193262294
5    30.0    0.00392773905613
5    40.0    0.000956887257397
5    50.0    0.000322851401102
5    60.0    0.000134053387508
5    70.0    6.24515030137e-05
5    80.0    3.18091192622e-05
5    90.0    1.7213531997e-05
5    100.0    9.93222722755e-06
