      130.41796901372484285275
      128.17627062035450080657
      127.98567128803442471963
      127.86644195546952573750
      127.75061304266804995677
      127.63582832587219684228
      127.52198879646103080177
      127.40907382416504844969
      127.29706603343321091870
      127.18594867949991567002
      127.07570553231350629630
      126.96632084991240674299
      126.85777935678422068122
      126.75006622387090260418
      126.64316704986326556082
      126.53706784361592951882
      126.43175500756294127314
      126.32721532204311643000
      126.22343593046095122645
      126.12040432521975219515
      126.01810833437259873335
      125.91653610894273640497
      125.81567611086964575406
      125.71551710154110992335
      125.61604813087566867580
      125.51725852692129592469
      125.41913788594081324845
      125.32167606295467976452
      125.22486316271593409510
      125.12868953109166625381
      125.03314574682951842988
      124.93822261368713100183
      124.84391115290523543990
      124.75020259600577787751
      124.65708837789816243458
      124.56456013027658968895
      124.47260967529420838673
      124.38122901949957110901
      124.29041034802193621545
      124.20014601899289630182
      124.11042855819273711404
      124.02125065391010139138
      123.93260515200526583612
      123.84448505116594674291
      123.75688349834764778734
      123.66979378438912817728
      123.58320933979472044939
      123.49712373067613668809
      123.41153065484581929923
      123.32642393805546987551
      123.24179753037279283490
      123.15764550269034316443
      123.07396204336065181906
      122.99074145495188759014
      122.90797815111882584915
      122.82566665358426405419
      122.74380158922589600934
      122.66237768726453793988
      122.58138977654844836707
      122.50083278293107014179
      122.42070172673712136202
      122.34099172031389457516
      122.26169796566439629260
      122.18281575215868883788
      122.10434045432026550770
      122.02626752968456003146
      121.94859251672698974289
      121.87131103285719291307
      121.79441877247731440548
      121.71791150510159695841
      121.64178507353511804467
      121.56603539210931330672
      121.49065844497198440877
      121.41565028443005758163
      121.34100702934242121955
      121.26672486356221725146
      121.19280003442538884428
      121.11922885128448967862
      121.04600768408620581340
      120.97313296199062904179
      120.90060117203104539385
      120.82840885781260453768
      120.75655261824856268049
      120.68502910633286262510
      120.61383502794780042677
      120.54296714070515861295
      120.47242225282009542298
      120.40219722201665319972
      120.33228895446336537134
      120.26269440373867780636
      120.19341056982418081134
      120.12443449812568019297
      120.05576327852084261849
      119.98739404443199418893
      119.91932397192425696630
      119.85155027882736078482
      119.78407022388071823116
      119.71688110590110909470
      119.64998026297173794319
      119.58336507165266482389
      119.51703294621172801726
      119.45098133787466565536
      119.38520773409484831973
      119.31970965784122995501
      119.25448466690455973094
      119.18953035322053324307
      119.12484434221043727575
      119.06042429213736966176
      118.99626789347902899863
      118.93237286831545418408
      118.86873696973174219238
      118.80535798123533197668
      118.74223371618737132849
      118.67936201724762668164
      118.61674075583255216770
      118.55436783158639002522
      118.49224117186452076567
      118.43035873122923362644
      118.36871849095700781618
      118.30731845855731876327
      118.24615666730251462013
      118.18523117576864933653
      118.12454006738651912656
      118.06408145000327181151
      118.00385345545349480290
      117.94385423914047805738
      117.88408197962633039424
      117.82453487823158866377
      117.76521115864352395874
      117.70610906653313065817
      117.64722686918057092953
      117.58856285510867678568
      117.53011533372466601577
      117.47188263496910565209
      117.41386310897307510004
      117.35605512572216468925
      117.29845707472783544745
      117.24106736470581324738
      117.18388442326107679037
      117.12690669657966680006
      117.07013264912670535978
      117.01356076335098066465
      116.95718953939542927856
      116.90101749481362958250
      116.84504316429222114948
      116.78926509937878108758
      116.73368186821558367683
      116.67829205527824854016
      116.62309426112022947564
      116.56808710212180812960
      116.51326921024471516830
      116.45863923279107154940
      116.40419583216750254451
      116.34993768565377081359
