result:
nnodes | ntasks | space_size | timing_pat |  error_pat | niter_pat
-------+--------+------------+------------+------------+----------
     1 |     24 |         24 |    52.3123 | 0.00019842 |     14.58
     2 |     24 |         24 |    28.6908 | 0.00019842 |     14.58
     4 |     24 |         24 |      14.55 | 0.00019842 |      14.5
     6 |     24 |         24 |    11.5699 | 0.00019842 |     13.75
     8 |     24 |         24 |     9.4195 | 0.00019842 |      14.0
    12 |     24 |         24 |      6.362 | 0.00019842 |      13.5
    24 |     24 |         24 |      4.296 | 0.00019842 |      13.0
